Alcohol
9.840018521187996 1.8923231620315697
19.837743505422292 1.5243987765659024
29.93257832753299 1.3534910834411218
39.62257257584237 1.2413570458869767
50.055773595477255 1.1633963569829164
59.78268848882279 1.0903318170430352
69.42881509195676 1.0441895503418124
79.87666789148591 0.9892479622104599
89.36000273577429 0.9576805280924847
99.96924383207451 0.9271204277622543

PARA=78.9230
PARB=3.2435


NH4
9.851700551454112 2.533703950362519
19.856058759523187 1.9128906344201126
29.95494782651782 1.626550702753625
39.64869888429277 1.4598870253651703
50.079975682100766 1.310300455572328
59.8142219889777 1.2413570458869767
69.459331692899 1.1633963569829164
79.91177672051329 1.1021825252050108
89.39535136238663 1.0555387427926426
100 1

PARA=101.3708
PARB=2.5082


Toluene
9.831806138043241 1.5409673153732417
19.822058163039692 1.25484923225233
29.910225533450742 1.1262717539965348
39.59472348885259 1.0441895503418124
50.018393374249264 0.9680894625777766
59.74329499033725 0.9271204277622543
69.38306532741264 0.887885180864686
79.82754144313434 0.8503103488959834
89.30896828336397 0.832123512135076
199.54026080420354 0.641965570808263

PARA=45.0673
PARB=3.4835